96063707
90479908
14886735
4531958
98455264
76218201
40329541
27940435
66582227
25404742
36601493
23577014
81645604
30317058
2018276
48038535
59462636
34140869
64828547
13218893
71101347
30061383
60039830
81657939
38955611
29291004
41072582
53818588
20125541
61808611
60875944
4314643
23937100
21313135
20462274
43933159
57616168
41803807
40806026
65947120
94205715
43989510
19099983
14967723
49498082
40415993
26977505
92577182
99258207
34381160
122507
70196309
93997427
29615136
99817474
13127381
26609039
7539538
82705494
41130787
31728228
1028443
79262363
59857162
35591854
90931591
49965275
65696809
38978256
61007732
52622495
53047881
20221830
99003328
41144293
48520239
32149480
50511258
90798600
75441113
786866
32273248
4634239
40784569
76517017
2755843
79385591
96175209
15650310
7680726
19959128
32153535
82188201
87697137
48444165
44960485
41098477
71165777
97730204
45651711
54957025
77513216
61214024
36358156
98081213
97463248
80063908
16950295
10556710
38488740
87726231
61883571
35299963
92544756
57064933
37680520
49246687
64384632
3784223
62808785
72204072
67074669
1807354
34505481
37547074
7568281
82659439
11464574
74129682
2025009
26264111
54129588
24159486
67076100
81999696
65761582
75732307
28836230
11473197
32642245
11325833
70798613
23092968
90843646
88459717
76621139
71276022
73549248
9958882
36986116
62629142
40001981
84773987
21643105
14287433
26851505
59582341
3646237
96599656
66229120
28367644
59722173
90507537
9768818
49749381
83072596
22693968
30665517
44543299
19117899
97582139
98902873
49451416
33677803
27153797
29768819
73966836
10812955
99605516
43550992
70332763
87524240
52765239
23705811
99483425
91537712
78030701
19537621
84285931
47818493
80485675
39676685
17730441
14840821
58888356
40394986
72052382
31135056
21159607
63855086
49771765
88751561
11358932
49755890
32533415
72273964
77255951
55998063
31909916
79881173
75273800
62481024
44045588
15018484
63600376
30939596
61948150
64344754
56571807
31407657
78720984
51692024
45021599
37189071
72918000
65548739
71194789
56342391
26265299
90785414
8851413
58308329
36242371
39405766
83199154
38999211
20337149
20041685
77369371
8586932
87645531
54424052
83957093
25147978
62405408
60940605
13165368
93269953
68439955
70273432
18570400
49074362
5847361
6069510
29428016
53263026
29772258
45991877
33764633
55036641
66098156
44352358
1426107
88748911
11487792
62361601
76978718
35570355
84583216
86468093
68841086
36497454
23154042
57146530
88446521
83347572
99046631
88308594
4511386
99593609
34346357
74654035
34665321
28877117
81641585
94188739
8989064
4251275
72106135
72337368
27386875
9593910
76209664
67064610
41955089
64902560
50971704
70458039
87530732
4483008
63757124
27717123
21930623
53132249
5146003
54557231
11108646
26566118
8660445
90100647
47474804
79456340
94782901
1297453
95412387
56703889
16436551
23223637
16018620
3154626
95890805
55140395
49894856
91488789
39697299
44010993
83936090
78054155
18199908
60796176
49162334
61435002
60052605
7173324
5653149
41801261
29679810
67273628
94261031
72515403
56000594
5799849
15900307
14552902
27222475
41323999
52595303
38590609
7527623
75562631
37877232
63211103
79246233
24405062
95107089
31922569
30404858
51163161
92805166
21561009
73688410
38006004
91366285
78825334
46867317
92244015
81879603
39201098
66512573
67184836
83269116
17874590
34668637
21999474
64102458
68838422
35362
45363447
51365420
73477806
78789176
10593003
10948816
72929248
93653491
29272675
29590047
36278254
27207802
44806778
611509
97900895
14413988
14184397
96636099
40369388
28028327
24807820
16163597
78419390
22580266
74029253
36161072
39510147
66203019
67733422
31283638
28445085
96590261
71018934
70844713
78344627
27193477
94564713
28308419
35560071
27891340
9282586
78987927
16580024
75260801
20460474
74656042
41018220
598910
29259902
30101992
72321298
19341873
89083983
76364714
72201178
74121585
9348854
93217035
66371451
48917832
51825754
76817812
74944246
93400578
96775555
97814232
99140825
76063453
15721740
70493549
33341810
86759547
48264121
9809164
28216116
3466175
74456976
33054545
74405931
43111655
10933875
1866963
93997411
45484369
4480912
93274511
37377172
89460101
95767985
23767497
76994917
62791942
87106402
47457924
8852546
50496401
39001942
55212242
86602158
25979206
29068877
86950732
2987105
32336240
85596783
51020340
64578186
36526310
28061597
80607197
83835349
83156155
94044066
83001140
31195550
7590072
94222372
52765492
10666476
15638943
33481686
43505276
11519037
27296670
37539378
11057178
21113257
74455595
86704305
81394869
4291298
40472356
13131973
79690142
82367301
87117896
29340326
50769532
8373094
80866004
14172184
65977539
87173527
1470319
48807015
52017623
16942935
58597729
21502589
99011930
61313458
74374757
54099951
78170089
30513161
15665393
13058016
74816237
19868363
67016891
64775066
24893821
20044110
48796034
68500392
79386571
4269003
30205466
19602771
48834046
96821050
21120801
66840389
14686808
89662317
68604059
96169374
46591467
58552447
35326852
23990359
29518836
25251470
94398909
91473532
71674533
36299617
46085900
56519467
25059611
82525680
28664156
26094060
30023745
50820337
21062956
3771636
50216860
1523475
53080055
75179280
11092102
24837528
11988962
8617474
63244594
12656135
51662294
44494316
40188440
45961854
77806064
11954356
37970666
14507518
83178251
56959637
99916054
63118364
48733890
27257890
40510393
30100538
78119706
75188104
49348177
69736940
48993423
58040611
71436008
9730166
81350913
67533615
91577610
47996315
71380142
33520440
6893935
31002023
61466033
73082484
85420633
40769598
88697194
93607204
63680242
37494638
21757972
41475143
84230353
39017876
97981248
25910629
43586527
46055155
98669264
15706703
80676078
98809569
24137665
89489764
6039494
14396380
47203137
6247823
39298346
75008290
98395937
72536092
15870121
25865257
15268644
69046200
45047932
2475873
2206637
10642611
34307297
4532826
7448913
74912516
79565107
83504679
20614218
24176199
76122041
85363110
65699819
724309
70951656
73435480
69425756
10638970
78092134
67912575
52950806
49074283
52829260
89225415
63102016
71789280
96989160
51950743
51170083
14488274
4591680
44304373
61284361
93401753
24674429
62413860
30521369
318566
94037116
64601251
34181644
52349054
55953570
99248167
86542252
15802100
82984510
12067224
18456325
85793878
32078861
56992539
55346561
14786815
41635477
3759953
92862860
17906504
25334815
91165387
87289276
95534701
64515973
76335723
59748797
81601410
1691881
24454331
59197113
22353962
16884751
73910510
95300528
87362753
24628255
16007146
97133682
38440571
8259987
15249560
42561984
61777322
80310541
93639498
12007815
9333686
99445883
11020532
68815044
54117219
34245582
51833557
96198227
15480475
94988931
58576403
82528099
21690104
59725163
65972317
56483171
39899113
11556890
86615022
92864654
52155736
3717798
13338318
52608407
42988256
36653691
26534920
91173427
91889100
70422953
98546547
27038081
64107597
68242752
60555822
53829723
33512096
50615361
71187860
61957196
31597032
20547146
4811168
95726820
30823333
10337124
49102215
25460448
46728484
4510587
53184347
50833616
81275001
78779511
39661185
59529468
20390941
54272053
81154500
66648152
67085574
9727190
92037423
9897218
49481946
17066957
17307970
8999222
69152989
41335358
23749647
25886960
10611201
30253571
18002013
63001119
64699155
89149500
85445460
20916408
56347926
34039337
33771826
85008458
75070264
96054921
61892945
58871808
5126724
2567728
47161524
99867384
83127618
96939739
2682191
53216411
41273424
51183192
95918562
36861125
6945833
71350984
78129849
16075591
57803238
94802733
29736997
70987004
12289118
74212394
10641103
17192362
31774518
2865020
97499247
38133531
12738825
74665781
41335323
64188452
92415042
25741820
12399627
6884550
32030837
18819878
61134913
67847178
83005022
47090917
66371339
96609243
34717919
76499130
72213510
27930591
83652731
31005752
21987474
87360550
57375001
87440840
19973513
66782669
30367228
95933055
69868974
96343622
99853887
39973608
8346044
84452749
83500133
91047882
69088493
85937945
13143099
67068717
73266496
66977023
54079004
69578929
6604489
56266219
78285246
74135375
9834938
22255245
68002202
9420243
4540968
52048597
55576288
35110742
1679731
42718682
54052441
10237187
91532514
39527736
97467725
98821576
46401332
17165722
62014862
59138310
28297077
7472472
60709742
4118017
54149056
40499371
15537454
70901643
48726750
3458562
80618097
13541854
46003843
36839966
5552363
28070647
57524839
97463621
3685380
78391695
42580846
94119804
70114823
1892009
48863621
32378810
83627902
55706873
45121408
76650022
48780948
66656216
60539547
45832424
78006552
66782437
23383757
84296767
45722234
59395861
73308230
38391362
75383144
93844458
89170881
78697553
53193018
71311629
61061893
64941488
32238163
1203525
30326815
13013562
12314685
7520538
73510776
46039015
99240601
25561022
50323727
26952080
29576691
60626213
78331688
80127005
54615791
6994963
97049635
5957104
85959051
89780192
91990436
68926415
11776595
64409373
76488926
44967605
23909545
6045749
64776966
14087049
58423334
65070855
91767162
18714532
14387864
95062070
13037727
4442096
74230948
89301262
2132401
29978909
40267125
69388
59431373
80275568
15335386
40536049
1857481
46417830
21550052
75047083
74539322
28127680
55846530
2409948
80465477
83803498
26242814
86041165
64836490
88392135
59074750
98176709
53415944
73787445
50125952
31662522
37658877
67918105
31647880
58569930
12000596
47699145
719809
78011067
84344939
87430000
71004395
49355004
48850376
60536845
30531832
33234095
62600890
14166954
60906129
23624492
75625606
81204638
59646176
70755894
351273
2083500
1581341
92347573
64888195
82206396
7916111
21911907
82775588
79366486
72600501
15961427
4896758
26531313
26413381
4901005
60799895
20025564
54130014
75785324
55132651
91146091
21618518
13177736
85759218
67410424
3884605
76028859
23723429
45338295
60200236
26826526
92765728
19709580
64754023
14116729
37334061
17521454
82643079
87914682
49134980
62380429
77039945
95032352
90774995
6145051
67864414
78903442
60496346
70624195
33915768
97520092
86421008
25808593
53075249
14404993
71605901
89279558
34394266
92113969
58392372
99548699
10084698
10646748
44186448
42508839
74521079
92713478
38606562
7584120
93789016
4690270
10835319
3566494
1196495
1044088
56011784
45111432
23423024
79516212
37114486
61450014
69327058
16671236
60872387
5157400
97390366
38624234
77473455
80487110
4473262
39062279
38413716
14947677
17571907
57931123
36720049
29832207
6510436
23649315
69465220
87634567
35021026
74825028
50939443
97785404
26348374
44038265
66445219
14019266
13275693
5342677
42791657
8589328
34064165
16711957
13960445
83078041
24476451
69028425
53788174
62766272
43718051
4681031
34180453
54015543
54036738
46902534
98182876
25206282
40880463
29047174
46701648
7010653
18202785
2393794
55503176
13335585
21950470
85999533
44678268
65067101
43222564
67484449
31606345
62629148
2732158
96632979
34282545
18324681
72493340
82697148
76878246
83584936
54943223
33267541
64117094
30249500
17763273
59769251
88939339
24077142
30008364
45049245
97515453
87482545
58029411
65410867
61774946
61103669
29075174
65919594
24820017
16040589
33533298
89411348
57531477
87439302
43977309
2526913
58947213
57488355
20184159
32749053
63317743
22294129
82033133
13131910
76185470
43644786
63705305
25041848
55509333
56738413
95802752
95320823
86281010
68053100
37362957
1349883
19542760
1783920
15624501
44112630
95376151
42711579
29328768
75030138
3236990
75108385
87899928
37864070
57238701
53399737
73659082
23044151
3678881
14695890
76034893
46418889
37645960
50527239
76225897
63254582
34146245
6343180
72941122
40165502
58411712
79289274
92434638
61651795
56344841
14263880
31005288
74783384
24656097
36572330
99009962
13000038
518120
79917433
94921592
57668930
99121391
16641459
41223440
29064025
98615194
15901851
94798919
40569963
17018583
64444528
73632238
70131516
11298373
6448794
17295710
28668854
89722917
98909004
31216504
23561600
43180408
60877623
65909188
74470890
19182241
27193594
50851080
20010238
74962172
82940837
46797076
26180404
31554478
50831432
71024848
80923901
31708626
73583640
61197496
88614289
74867487
79625687
70402468
70763636
83618459
35614202
26453360
16263512
12745270
64419429
88706861
19299355
51430141
6885740
87538131
56791494
71334361
36504849
93998497
54817249
49324028
79787563
77573908
61903505
15042915
11338146
38743772
69907410
96243882
62305503
63769450
67618724
62864401
74264227
10723496
98638813
59824233
4910457
20355259
65502883
34005119
4345639
4349907
72000918
7667769
55947845
22761142
78554750
83850098
7281107
59568515
70850990
96827027
58467277
59497071
23857355
59657769
47958226
65297051
54859153
18978341
43060673
15244336
59265128
81482361
2236932
81042166
37975387
86483060
81309971
31714660
48032371
41858438
8802722
74967438
7757285
4039303
88088975
29179228
79440358
6763338
52766541
66194648
20364957
64712612
8504631
74400258
22582504
8332847
76442450
26198403
70255226
27076042
92824503
85384842
13311591
4786946
35748835
82110162
96623662
5026636
16513364
28944069
87529300
83456490
9901031
39348196
87847549
25201636
63865580
40134956
71096593
66430383
38290081
22645685
34977299
11309836
77864547
41549203
96163663
53226002
87048651
24503324
22691299
28809362
13337229
96639609
85840799
24198836
76875217
98633227
22090256
19011721
79524577
6901977
73643292
27836409
19524115
31177429
70740631
44860464
15524600
56682152
4157547
53041892
88302766
29964774
10190267
84235203
34631408
62092219
27460759
11950220
78922665
97880353
18937094
18377732
81288144
41975446
81712908
527823
54180767
33265412
24150236
63779405
4912620
37589304
72114648
75600731
11114792
88182077
40239757
24246887
96110952
67408536
9628613
18897108
67650983
50649664
50340457
27682737
90631972
63544965
1867158
94327669
93497662
59648905
73965745
64038501
22597948
85626135
16338018
68060153
30108921
49142944
47753972
27716892
42781351
37548274
15145076
21425506
5117364
76572208
7722873
41529489
5484469
57137892
28442002
41198758
42982653
61314718
12417205
77631908
23712982
28883172
29337333
83194560
70262688
49632584
52717844
96911590
13171115
61779727
27196366
78034885
57586339
40406343
65914916
42122717
41359668
58163333
75955029
79249871
93932123
71421326
41248700
3694241
42362515
45498621
4286551
2710817
53265412
67360047
57832484
95461467
21412917
73163160
52998915
77323270
55543981
14344937
72908344
77090945
64449197
72512663
84498240
62618158
51244338
68465845
23863627
16059670
99869399
72249492
1971907
57181007
57895195
28699993
36527094
23929145
71880572
5327248
37945067
39195816
4541692
13642972
14070978
93153908
25822361
19859317
42823870
27462969
21394619
86096301
97325307
94961131
63035158
50031851
57002211
65272502
61637549
98627703
39160160
15281064
25089059
97557491
44016653
8040494
13276861
85995900
634417
54998300
30232825
90236921
99911209
60125490
29301663
91836881
70075123
18179663
70085447
79194091
77711837
67462688
19364495
53293145
35137645
27177787
10668693
13691189
30475903
81117015
24614009
25585675
80104457
41894420
60740454
58999443
95651624
76156877
49586123
85859687
26652173
32657527
45397720
91386880
77913407
71506304
83521146
59557013
44947493
65533714
21358056
31572003
68324012
33889641
40938398
46278387
28577998
82490537
65361451
86909308
55721084
5904516
26790922
48613076
3639931
75050991
44153619
98029858
36301966
44065685
50788978
88008728
48595554
81945017
65255242
42798751
36864729
79895233
47798256
1355922
64422832
94815235
45666073
40978694
22318657
67696123
53186591
56477727
90540000
82309768
35818920
47082948
45301890
54001799
38874047
27378469
85178205
35627710
98060332
32018905
89811391
78448751
48576586
82246288
99897734
15733207
45203189
56009482
62465622
51905609
71557085
9893859
51757438
78073674
41470673
92639224
19591269
32626910
97736570
70195330
22478668
30908248
92573835
31495282
12047273
11918022
95229001
18593084
85215759
33690916
77677059
65011739
93626000
82790522
19189759
71936291
78135449
19461676
10816400
4041661
17897983
95802244
70250177
42157815
25092700
68576696
17226968
95525814
44092602
79393927
45691924
83685270
93908980
7599748
99017993
89817310
45705376
36076919
11118563
86016410
57315700
30546976
16432567
88891217
22032418
37928704
81139024
1855265
70539560
93184241
25592672
85815979
27158890
95508022
72304082
23315715
22257866
55510599
73668063
60841989
96049995
90593537
8363984
70653324
96927027
83050060
96288291
44102493
14368350
37934335
80300109
1494776
55014833
11685129
30062196
75661597
81517077
94005946
99949433
8922040
58620406
12831574
21800643
79824414
85832568
28240230
91461906
37549434
6358876
45126380
12769293
25956967
20530428
13132431
80135659
53293906
71180220
18484476
73470271
39656873
53834434
12258005
76956735
72697604
99275658
8571229
69161901
78759032
24117714
43211520
29300107
57969457
22611252
86288274
87825668
32702254
12850778
66896027
2810693
22427735
86766690
67476725
25501543
64045599
7305505
56493307
20122956
2926382
66450528
94573884
5801946
19337690
93785195
97135887
36876738
29312869
8612420
9325705
641636
74475984
18293727
68661375
76489621
61457265
62734301
53420245
3600843
91692425
29814912
89163792
98645494
39717925
96930651
73739733
6965922
94721600
97398457
66706408
17392602
40810544
57846250
58861846
57367914
78456950
89758703
38171369
42608535
6052003
28592885
1491288
52371486
66344716
83833846
37388855
23318974
41686998
27282780
61401309
88693230
58714886
27434704
67731261
57702522
72828645
1115878
21455227
55018135
23036195
80037130
95569955
43320627
71637914
7838429
80999748
77763974
28843701
99384917
62794072
92921395
75491223
35378935
49389814
8412692
2164396
99076089
91265466
61080992
21859282
9851078
78918315
73596737
77731383
19966273
52249641
29138743
13609334
34649762
61570851
62299147
12550825
94734460
62483835
91657179
43942435
63941148
96287161
33786344
35404878
13978258
9827233
97400359
14468738
30242589
15514014
92686915
70138150
56946457
62035819
63122820
22731534
46477902
34958092
56157231
18911390
23373817
61003228
52067120
30451310
56391528
8927085
93075792
61250584
93407630
92526688
72854686
59940399
55367590
65592764
4635883
81333755
83377805
63102099
37942018
65044945
65179265
2337465
49588452
89921908
50488700
49784119
59067096
64038707
11841431
9550355
25699270
46305006
58274469
29961387
92435269
34167908
34951234
79134901
76959285
42395214
20198663
57423911
26272493
3570257
65788238
24363847
59352522
23605428
19353772
96043304
76828935
6722619
76996986
20811166
14170186
63464440
87468564
56059265
72837947
11992217
2679746
38855458
78363234
22344439
60637664
81120676
87972302
60273267
89364190
43575369
48098792
89363669
8824776
31968388
94406088
10111872
3917270
20112069
42728954
80897374
76007892
54432249
6001843
31019635
89016406
88638503
77191453
15680099
39430343
39504295
59918201
49314452
2575356
23991236
3337602
788939
78607336
43775296
23910385
88878604
51064509
41925564
59630112
76372842
87423471
15551659
96832755
32130070
8120686
69797162
99166092
66108162
85539738
15454562
78248032
93429991
44553924
76254845
9670365
56912298
65569248
65428955
52999446
505403
43962797
86682739
70592783
27770923
48195301
20540293
1447205
95457103
78264316
77940961
46487712
98771981
11127557
15573382
99844772
94118580
74666625
83969410
59555939
38381396
63727888
97746513
12278986
99672371
64570447
83558240
9023455
86547690
73888944
12702735
61432268
94855325
39294325
27540746
15612435
14553064
99702151
21385649
76055608
4229484
44007154
99854790
76818170
68765315
56899464
2569353
48516136
82870931
1332908
91481165
91710646
16464292
78760654
96044212
3832126
64919362
92209913
38006043
92995827
4867332
37710093
60795394
55909669
3821191
7277352
11270936
78240196
981931
83432062
38951415
5016447
5004290
23891663
28771406
23811307
46270560
30780287
99523722
44200101
5097874
65234842
47854498
82588125
13916959
9017725
79165742
25862256
48442653
904552
61747679
75432250
67319826
8981211
61086513
91841930
4992547
92642188
24123565
11924137
71214578
2125848
86673059
56797886
76293665
78346893
96061512
80895320
24658638
16802210
28071263
94118757
37959195
33504998
87881987
32893953
81159998
73012822
99880403
67939329
75196073
11840984
21212850
53592629
54160292
79417799
41913144
76875437
21305184
65142483
60585897
95439496
68750969
13500465
61112156
77851099
57111144
36348002
43237091
25760324
73956951
26873708
40642288
65104582
77013998
68142060
73110791
72503976
9655417
77118792
61933758
51810866
35264068
97937506
64230351
39307325
48358970
30301760
35234306
9158381
8471841
17267460
649284
3713086
63393884
82015471
66997664
70101293
69140435
4667372
81749979
78695126
15640617
68447261
75567645
29976364
29873938
72224570
396350
79032376
49281344
96920836
62250522
91322294
17872023
42055084
4570574
8695917
18970567
77380938
63526281
10861082
96336906
44406931
44554481
98228559
42963714
81658879
76548434
72922501
72754705
40559076
70837193
23112713
19275490
58940527
79502434
59197378
40519424
33432065
69859242
13059630
35485531
67738864
76646638
21970910
20105120
60857554
8211426
85235063
89575969
98620039
8073964
27140554
23986872
89975456
13144436
21541530
34956308
63638893
48874175
9948086
68864150
83221390
18953218
36394446
30687906
98348482
67634024
32372694
78331102
6004691
21251539
1252362
88837804
34398098
551770
4666653
61736202
27213689
89535103
53187971
60905219
69368965
51639623
64444728
18462554
63556167
96398485
98181192
36380210
59945390
94875767
97952064
57594199
43313961
88255276
20006178
82868070
58410501
56485125
49589906
66737218
17667256
35039886
53960055
43894375
49990521
83969516
89774850
88983357
86663279
88820771
42871786
67879512
42291659
8067906
17191375
28738141
87127517
22503150
46353831
99434129
79040378
50329677
39352096
78056004
17351131
32269980
6257737
92878594
81311328
38596732
3239748
25549758
77158525
47940866
86065919
25754733
84795415
30110130
62284736
33450722
14637598
21982911
82772564
45693522
37675595
44189809
72875611
57884504
38371284
87530070
890188
17811358
15354963
69476394
94515983
47416175
47336133
64505994
18182636
68717041
39292510
7491767
1235281
65576167
71684345
66685744
14251699
70305886
73203755
74224972
29879207
69865021
42132712
98242363
76287593
14777853
9045563
85096252
41746280
43598034
48156180
48882919
72754290
40183969
86244546
48887031
99093116
53790589
38343379
7140833
43694593
64847045
17953983
90512182
91824227
94640799
86978527
30748126
17734821
60515309
16696098
21052014
35684325
42756672
64429306
2116871
6842382
74869049
84962066
29711766
95790192
41110798
85214878
82653667
92755722
74242146
36519621
6769801
70112133
1197078
85761519
95821941
28717523
74330324
74239272
2356073
20548836
39101336
95237533
65897422
71806498
59659800
88553743
55342016
48803363
25652100
39504509
1308432
53852539
21571079
13592475
20113261
18271131
4135628
75977906
40430085
5947789
57920229
18851378
70366632
33443643
2646573
38824592
44725159
62541290
67833778
53181711
78161537
81168891
10708636
2101317
37145590
23387876
51485210
35274472
21983013
92792143
15299098
45472494
30975587
38037811
71094800
28340135
14620946
43259383
47669488
87198028
93104004
44673604
19752901
10422966
5689522
86147103
16893374
99969095
24878093
98843489
85594048
34474495
93577796
44856930
48077384
27931384
60362766
70526463
15258212
27133634
4367858
12707172
62575301
75564023
95910215
17176397
55011692
64490440
420189
48538658
73073903
82071550
79827879
61341520
41029060
49960392
50065834
57682951
74298602
7473555
35523257
67692804
85280019
83095328
75857679
7035434
39840818
4942589
58190246
24952690
81604632
66076464
91193802
39383168
95683083
43110145
73478196
71420096
69115304
15292551
72597796
70543365
89001368
67823769
45972873
6099385
64606423
53027668
94453865
70399006
18639396
5833426
86381856
8814870
60313193
29275970
38717677
72436226
77766144
87930380
16395610
25528117
35814973
91057600
92017922
3017832
10389371
8400383
31087081
83587419
28799711
25348632
56367597
81845499
69059176
56741175
1427122
82895957
34924566
27347667
22048488
67361795
98141918
70229071
92870396
15758031
15588067
15936242
70166324
14709257
47049108
2600617
15104833
90395819
8764155
81923004
47933293
3147260
6844155
24619614
15971123
36891304
40683960
97752949
1668773
58663501
98436522
20449453
2709956
71116654
72269509
71927806
86580310
55634801
86125915
4784465
32036538
27938186
78595834
84829428
53738756
31094159
60533618
91100087
18569469
22406111
12140139
52787191
58245280
90362520
38295011
93008752
98641962
62661873
57262833
13927571
97620266
87381434
95482584
97364425
61044719
62597564
52891256
42782416
57409568
7990431
60094498
95907904
42564224
38914445
45054135
52598292
99592546
89985793
18376940
34598610
54149873
14134118
75080992
72471173
99034433
14782306
18549842
69285427
12778752
75538625
92227643
95757530
82361597
50471198
87484398
17018314
54448332
24312492
67358578
76481083
82902494
85700726
13921669
62477051
47597382
55011378
45995719
65567959
41694252
53662004
42654829
148369
78512967
78491484
75907290
78470976
64603934
35130383
4419830
92470212
28033214
75570210
47983980
56915327
2688343
37192728
55267383
55929455
66272880
87976482
87639754
43523116
74183346
23767152
66364636
12508092
7262129
13684486
94683159
25320391
60926827
53548983
12467559
38956573
6187941
59773579
5659167
28546565
61854300
98096490
61803576
45278308
74700056
31204982
1521161
97688123
18179005
57617772
39716858
60684350
18420773
39281281
22592533
67797158
60071839
68400528
164109
70104620
7286106
37311035
13989196
54635600
76783558
75627146
42296980
16960342
30421484
78380633
38905867
71868001
34783018
24879995
1618833
2567631
32300309
10125780
3300781
78635273
98007104
48381075
82933769
70712877
54583396
83653260
34744995
88708893
70311586
78093558
25331469
53269377
67925167
53514279
920212
90129267
55020485
77593561
10626514
40669560
66660857
5218013
1866207
73153790
3265937
26356873
39182318
18216329
98831605
64518931
59136760
88312692
88998632
94092117
33903156
66754410
2807598
35167978
23509725
90687389
49686220
50610664
31973925
97515945
85305560
55943612
13474112
59922846
23226412
70388901
80539572
81293377
47746420
36444944
2607247
96230131
31462080
18381633
32259310
12455397
5772277
37011965
55853279
74773905
62937981
77572776
2541246
21946917
27326017
76131087
60748139
57823053
85157686
86583801
96709670
32867799
34565958
82472295
97579131
52799381
97031029
8568237
89964682
31984163
61009231
92191179
26587565
30985299
21404003
96352907
80814706
8223125
12871944
7783979
25601964
37667664
54507290
76156772
70387533
90004547
28125709
22494664
17307079
4572846
93925447
55738288
23450053
10396713
62291988
24647817
20181532
42351644
73546212
90268326
62473793
11179803
89479978
59146414
98693155
5427128
34761966
61322831
915278
3685299
40522625
85954566
60138939
5499197
34093456
57334538
46971665
31693692
73409630
18646565
54861470
26760944
61489454
50027728
45041024
43311434
85287365
70045530
94111834
23368499
18634583
55926078
40093031
77058176
91768633
11222517
96286025
39956404
895225
67748002
68212993
49412271
73588687
66512451
89551304
90334483
62559064
38016824
7349372
7214606
76018029
76624439
70288267
27497890
79875754
3778182
31885974
2883398
14517954
21276152
36872507
58566923
17632419
66095500
21408910
97173237
29552470
62521412
44026074
65927683
31484525
21473307
68955547
91576061
9453618
6657515
13571797
60500592
71351399
71752469
97644500
19282779
3804368
56570654
91903807
64201225
73502591
89382572
79187435
74166053
86790032
87842350
18469343
95829103
15556258
11334283
36954048
94217105
13944613
54639960
38807033
62880904
11669173
14597797
88269914
8944608
43291940
47826178
59077442
73306753
44765131
74714538
65649378
94576167
52433197
5966279
48493763
80826168
34994258
48364244
19957173
40409638
34291104
19608316
23825712
67534267
69875847
7364231
23786508
41961119
10348354
19949247
31885536
20933259
64545484
69864019
32487232
92846005
91457393
92538519
15240066
74577515
50102588
18736644
29956827
74711784
75548985
85923536
21207875
86986380
79380259
79763205
84266665
23397193
87387371
98184604
23968549
39095495
13540264
61499498
82047504
80467834
21716425
2551723
40138775
37985775
50782173
87454339
46655439
45933977
42284818
94594141
66456532
57146182
33553949
7982307
76539781
36934810
28039027
16809739
98850075
19835979
95999346
79667414
37407740
19054322
58540482
88262455
97477188
15205524
27505138
91870734
94556272
44554426
99843671
18131116
96548873
63022100
81932316
81235216
14070972
28714134
47178829
97059809
78304989
88999241
3307763
83760724
50398069
99675012
55987782
27686105
99573341
57476826
40007967
79249723
44599431
82371572
29179906
96016966
98959460
56064393
13695010
60039725
96454495
60487773
21187032
70651566
51715555
47704161
49675900
2235609
97903025
89235626
62269266
15956406
65318740
79177544
50420666
47235460
80819839
86488731
48870823
49010323
90261012
46008237
56365630
57677578
14336306
36837700
32187398
9332579
75073173
84546270
3097994
33114422
75587691
32979858
40986609
46643457
64390156
9990533
99967574
24112352
81186842
13292727
37289993
42090531
2277448
84986537
18704208
23887748
28372210
14040193
21708108
24741338
17874897
16151387
44703303
97329708
15941988
94742216
11713830
32524888
23842616
90640429
93580748
94050245
14130621
90816289
34625457
17574258
10627374
74617620
43103661
65537021
5143480
52610294
79956433
24196177
18572583
96014930
3324806
96875733
53485999
76049945
888806
97776491
36501605
47999269
74309594
21399413
39443128
69319972
77344496
83246358
33805596
33458714
96911975
37652322
21182517
53982278
19160403
92219392
75905640
67618807
54450365
84673906
1292187
87390233
85647873
34685141
86163101
40453884
70556139
98790559
47211716
92662685
90764905
7009876
67417378
34898804
17880922
65903940
49868220
59635822
40051008
51321714
11020572
75237259
46364119
95107416
27310551
99624125
11620156
70453258
9344345
29105286
82758841
82946025
6336464
64717835
66829245
16076726
69302889
80426660
96757210
53249010
30503150
60932187
75158891
3625516
31936498
54341260
64329431
64009862
5883874
84030380
99222488
80350185
47253014
47217465
82226571
24896008
3182680
62779156
52011614
7324481
54230009
34999951
11418572
42491447
55640687
15865769
70748248
65939648
97740056
30103577
66237091
76567524
4976152
98986499
14927529
36213029
53862667
43484998
12083924
59600475
33658810
56474893
6714879
54460642
9853052
28905333
53297951
37328810
52495040
93092136
69230958
78606151
77815954
19344685
69068016
40183766
50179874
94913481
33649302
71617660
99040484
60594900
788776
74563501
45028473
14108360
73540426
33796113
82895157
80025441
10997399
48824481
10263143
3291872
43282681
49693761
92617278
95117093
15579775
15614026
55965392
55540666
59432839
29413224
13181075
4459187
71331377
64203201
29770525
81273199
7548757
10773104
5670911
81626801
26878343
91663436
62827595
49160692
69650814
61527166
66158447
82297605
50401267
48755309
11625041
91944957
81321756
53153513
209241
1207110
1711585
84382875
73735218
84859073
49786777
28281093
45292882
38542747
67844176
74354903
71712442
66337372
45209516
99566747
49556570
61661532
99308312
51206287
91705599
98864729
45493667
70261365
201589
96486154
68894867
77195986
3775948
58894351
82531110
83575425
44444886
44549205
47714482
60989134
84371017
48866176
14470801
61800934
71343342
79649381
36760565
54394905
77465288
77087536
64967952
94248018
5810675
3768604
28674099
33318348
65608961
50100854
88773661
21531663
52032937
64908500
50925405
50156356
66788736
15534092
22594153
90445899
93272474
9221541
56547525
81637136
40677739
91995256
93231693
32478099
17301156
75032732
32546598
35794309
98084262
42340155
38197555
99957593
35349705
38108437
48586241
98418832
72707432
76013843
50522147
14495024
18675347
13520685
70132506
74177698
33132987
4318235
50794184
78742204
34314386
22776274
92319468
50597207
21601686
89581268
9156599
66516458
33759963
93825444
93352468
35728608
43621737
92959706
35696875
52428123
90559585
17200609
51059935
80351285
62017692
76404782
52758778
52174317
39543865
58189611
38190604
36204519
64522224
33539149
57983448
4382862
66161872
35712817
46906960
71143668
1439834
32524858
29625943
59599878
85364840
81616566
30705116
35496792
25722997
57590657
38492412
55839169
33675629
46747279
343340
43476602
87690925
81500230
59061024
59833126
28726396
78067707
6011589
22294949
65225373
73874588
70166516
29250501
15991193
79756972
55432715
72143400
50244188
33737530
58728757
18748646
67537516
51345072
53571663
55407746
35683278
59534785
29250850
71977965
40322858
36757926
78361027
21546475
94960672
44036834
27863868
76622537
83677232
84104710
61379891
76505300
28211518
55006985
31913569
45425069
34667363
5061273
52218821
54296170
5240646
95787586
33500852
36745035
50790419
70534110
28471546
93881082
43519840
29780283
73547733
76395688
71894756
69268545
27374803
57138452
98381467
60970511
67850038
88523835
59244742
98566893
3749713
80818127
22503390
67238871
7894039
87811771
51159862
27381491
9117123
2397358
11687458
89813252
32590502
29336023
76894975
67299026
84751561
55910543
41490464
72180665
9950922
95881481
41882739
38063350
65464145
80138478
65277623
16222362
92222883
78237522
69912834
33021324
16498299
77416361
44982591
38724432
10514299
71569729
94354735
4012141
1455369
13593031
64890940
73720197
12038215
94776302
52361899
66108688
23584770
11083264
69275854
42940372
26311996
46875158
74107175
26381571
42238856
21569477
18863518
42730286
98359775
55209226
43706791
5037353
82447630
31734269
16093490
10747821
16656012
75908606
87317001
46176105
33208770
12724822
96790584
23706670
30737267
48687091
96986110
33674880
36150678
81513260
18821468
88708231
87880110
76812444
85574729
40748983
10994446
14191991
86388646
48123424
71132237
35328699
5200671
50885027
66012052
76535876
94731405
51894994
55815944
29604008
52757379
20807275
80626829
46101286
96648649
18379910
37755884
7203202
43297363
4216974
74081996
48251598
64958111
54808199
29566039
29329337
53235670
8957451
74962238
35384556
29619348
30066126
4331422
96027906
300767
65518698
34478915
74739579
83462821
55476701
11161117
55823451
2329848
22839841
71639821
51115641
12975080
93084840
76814802
24987433
98023444
53703960
15301257
37060560
60598517
38850443
21221051
36983268
87343407
93422132
7038742
58479370
15017568
32631548
51028541
14462489
42892714
98752580
42741895
82027600
46973230
72976247
55697298
9768795
92093988
57352172
61431051
9754582
35370830
61609820
37189259
61612256
30589538
62906967
79156617
95239419
1351936
9135967
40830105
85249297
11399694
86569628
29665949
11649607
22954607
25967537
73441662
69033963
80050303
85500981
91769666
39571111
97396297
81870641
50684724
51825125
30618728
53101873
93769038
60712611
45180698
15698533
76049707
61215860
14106117
45386149
32480349
66056714
96809564
90497936
19068755
41008912
95955505
90446613
92810476
77012805
67050311
69131738
85378717
11001911
61663313
55700681
78786889
6674772
87254855
53276562
97310476
29120372
47546960
5063066
38406667
25595869
51809505
20233113
79400964
30462891
36168569
23985857
29129689
59942793
63862379
27170574
33713411
56327498
54934459
42422585
31671161
60177376
79306299
76007782
37223756
88561926
4066997
54970985
53009340
70203409
7538779
9157380
16664281
35477538
91609615
61766179
88641921
97535368
96818571
30387444
51051275
23053004
9106164
18035152
7105804
55801772
722214
96944308
59606427
4475196
1052536
13392357
4798796
16343777
85983128
91364524
14438349
14368015
59340224
58037299
31165553
70749671
17544003
26549249
4224468
45597839
97919483
41907636
78434622
88900245
15318762
7621251
29813164
92555087
47274170
68981126
56636462
85075361
66663886
19322519
27625048
89786418
78578709
89575618
33454340
57444456
47779177
18981501
95953107
20761675
2130074
60183186
4542205
95324134
42512802
59795279
62112119
49009019
35262613
32336922
88233012
84049472
18094810
35225801
84729137
38840108
62640195
32611357
2404423
78454415
24196574
8161982
71433402
86783509
36586374
25015424
16196472
49364676
26897124
50820134
901124
57045093
15585757
23635981
22336628
2849363
77904126
74969109
24283222
50071194
44622496
87887468
49297588
6943614
71866828
95872542
58083399
20104232
16874802
88163551
84807990
95942764
1407649
68976427
43510906
55599213
76112229
15284728
78617856
39618855
96081130
32766227
72302233
69901474
29365927
85902747
11398396
65144557
48432698
33515198
11715470
26992155
69332241
48755012
76642856
63104058
74837020
70727242
38307320
26122587
75288990
10628569
5979447
27629896
17861839
57333752
30467432
33679310
35672330
32944971
36617567
59105892
84609978
76123996
99246923
76929821
52823605
25224444
83764305
16907831
52468511
16450966
74140274
34065569
89586054
50886454
49670047
96730514
42250562
96510024
93721874
34344169
2560257
61253428
39495962
10542306
9698781
25086597
54072063
71243925
45636700
85481387
10433687
62957641
45411150
82465365
99840162
87292230
69366842
63753024
24799042
49933274
86881806
30104213
24301779
66739595
20288045
75808756
57622026
13745840
75989882
72143665
58379154
18632895
91005174
2963498
12100039
3500783
51867042
17725342
7619186
99515044
8822789
85693921
4409836
30590135
62199256
19584334
22634921
24674193
53297021
98184943
72816875
56781807
21023827
48166198
66971353
76644165
95728808
82280275
72402081
98608869
17835734
25321451
70144618
64827038
38451262
35003694
48986432
99730326
89450501
96597937
43880641
17391403
19599850
59361375
85760459
83334905
7306509
6300343
93256293
5270361
16256820
89983402
69000592
93890274
23179010
66405721
74045475
33575614
16433055
68027420
66052745
36948777
39260630
78810150
49045896
28149468
17299890
85396778
8244781
93002154
29683412
80370253
54874517
60531574
33725582
53941240
3630306
27934947
94387352
78849986
62701530
11432517
34001733
69188402
66222460
39110634
65732699
8946452
38157232
8984245
23787018
46052055
11450825
1110366
82499494
40462055
33132585
48357204
73188601
25633142
65934638
27816208
41482863
46749076
52327836
59091583
613028
8354792
43195756
12630460
87051857
26234479
67665976
38659983
71395104
37513379
3386236
22526590
57769601
95259966
5420725
76800490
33843152
17217913
28963453
90864112
94561794
87647251
17408391
14612384
50816492
40679563
27135783
20654966
69713213
56161253
11335575
63744919
41385276
30836605
93333486
66168613
63044521
55487576
94549235
91498275
46468461
9840660
1153567
22392898
18328183
33887286
61034532
24857189
22176217
34621819
83074948
40701204
70657450
83186751
57851862
72081531
50069046
75815214
68514337
67222731
28940875
28465105
13671534
16662927
8162380
84641049
31977961
47551224
91332407
87462265
57138978
4815185
4779809
82840015
64227358
62719263
94447886
48256431
7391698
28337166
77971970
24626843
30680966
72940177
99161183
88008833
97028339
32218915
41300227
91528965
21641685
52619417
74703314
53254541
51238042
26426283
32630980
53169822
31849987
95956119
85637323
17640043
68400221
90010258
20630026
77817656
93005675
83509634
94111244
34575684
9776448
16188618
82398596
62045796
97830561
47636775
28225238
73264520
40902750
43595133
87480894
64717565
34219189
77420714
92154456
53480246
94299898
92447987
28264472
24184918
35876388
66724266
20086905
56690766
54065291
60340947
23612395
20080146
87435732
28886199
68770998
29931758
29768958
63640656
48842147
23486749
704984
41460183
28677332
41961857
59206078
10796840
83893253
38323185
43043346
74103189
3318556
41797783
3622733
1073228
30180744
12470617
10688621
8884400
614172
87450181
82548730
16772546
70603017
42301554
45793302
10806461
33078411
60517038
46472583
74282582
28006583
61595420
72676118
78909189
15235332
77873773
7046281
56120008
83391495
12423919
75977236
46413865
75722903
18158126
57485512
85304792
74887798
28151992
24136527
57965080
44064129
8019294
52792190
36854503
41905097
99676835
35933064
60014654
26133213
37952712
37940257
58208964
39887378
13650838
98366514
80128010
98882353
1689287
63062177
83605087
80476567
76916271
70531644
71046344
15324250
18623782
5899752
83976858
71676759
25590588
64699240
17178830
43750271
24557625
5521256
45232549
76781688
71514691
32889021
66676632
72505588
20054123
11975577
71124345
15915389
87118298
75562342
60278157
36924865
25478973
78591317
79862254
82996538
84475675
11286712
98297730
78378000
85956101
16202780
44478431
72854000
96001651
3399315
32378148
48642920
86051521
56540951
95131327
4735235
44947857
84051841
93898759
76144057
74490728
2342766
74980331
70716091
45587279
94533246
56824827
92626838
75114407
89694947
1679554
25170206
89652726
7204826
99429011
6697620
77787153
57580885
21161517
91456145
7438929
59592980
87281745
83561069
43096819
22512077
8077125
46715603
8145143
16204021
68951057
1321296
6804000
30675340
81488718
42262026
56417599
20737320
25620862
14096694
95345266
8271223
23777386
73789740
38273915
19071020
52126942
25036677
73329676
21556347
39757699
39658249
45618884
17700741
87168395
8096196
26903921
32930041
96573750
62035476
46068828
30164092
36022279
94471004
74018554
26495058
60841517
89827908
59843058
75461183
2803652
82744589
20290744
61066502
43007498
44748507
6587707
20645587
96100827
9140456
13906754
83969803
74927760
7082677
83032562
4894001
1309
34181325
99880439
27961220
98243472
49803250
14218545
34587337
96618201
9481451
42429784
10696194
64716247
27839791
98709118
3249997
8054370
4384688
77778240
53338181
41186217
71361399
46588070
6389965
23988681
3702575
5424936
45048632
72824656
69427083
82439757
84367815
61520733
27959614
97823723
50180581
31145594
23317692
47630940
87549606
92171074
77575590
66496816
58303274
34279722
51863419
96609559
70158554
1225423
79823800
71967771
61301959
82715807
45551336
1874957
22755122
73416078
28472109
4639230
15551768
40174150
4640093
76984530
30589351
92729177
42266396
97445804
58810472
32391333
77570563
31600398
34413550
57270684
5682938
90927463
21836908
3110248
32361292
27832127
84235234
74266289
30212595
39596004
86428011
81069710
47983702
22911138
28478919
93964715
26366369
91703929
27977105
44939370
48409414
30995950
71285324
59543723
37549097
37371457
42765010
77355840
96561757
88337008
80686385
61394502
83749835
68634067
62832222
58671451
57528073
12863537
7022973
43713317
58670599
7490612
61142382
1807451
38466376
82835540
12697055
77996298
58716091
13613808
62077054
15246815
37971250
82330220
35603648
78967272
62747822
34614116
56386699
19204288
34639805
94627071
83063942
82622705
69389078
18251607
4698563
80237195
3249058
17615073
5260247
92734779
92652272
61564229
29887164
47581583
54689564
13405730
71161463
96298360
53524681
43806055
68322330
30692996
51267335
78256414
89097822
31919850
85771447
79696848
95234098
54468195
3996784
6715793
51914554
97542539
86087875
5261496
26315458
78717028
74501151
53254605
4576302
99782327
67511263
780883
48809080
3190558
64938362
92196805
67154513
71505940
59610310
62286724
38354123
35424316
6467962
77382390
63043601
42086721
46647956
85994200
78894269
90739540
26678391
90476348
20138645
20197668
41129441
32385200
57623678
63861303
65223518
10403436
53028751
10342174
62032409
17598318
44333277
9421894
26581142
15678083
98567614
93413841
75866332
70005352
82961211
18036831
36778201
44931047
43358828
15189890
45003472
48178476
56250225
72465955
22990249
69604059
642525
80945054
37012385
25332459
27189288
52613431
78101863
31997135
8843837
99158728
58240475
97847676
3813083
39428864
94607122
23326423
10392691
98584701
29547277
73676054
44024024
22632713
29965869
49165646
10814270
95497680
16282749
34996602
58602305
77864215
59547156
47135994
53664101
90045648
64491421
75871633
9556345
5081677
34727723
27587051
50413710
29121780
31300301
59812124
75432653
5851288
18536893
96141047
94584716
57577156
34058062
18801044
24524875
67987980
59376995
96647955
32569209
54159667
68851564
21379671
82920561
95774411
45581492
26674918
23129055
89206276
52652497
46649213
19056878
56519595
10162207
72223907
5359683
82393938
4925878
2135764
88934824
10837883
65953658
25821226
55417030
26953669
49116412
83982557
1497645
7308403
72322082
33520980
73863253
13790332
25214366
56419436
24409130
88418357
74069895
23094139
65702661
10777289
58894903
43818724
57473709
56208840
21629477
14181520
59447087
95410297
33708905
76778128
3679011
50521416
23533229
36128588
4796493
77894626
11726159
92069477
46671394
23638704
75622169
16937325
70471710
37385406
25820403
94836011
14693945
66524472
127828
58299524
41806791
88926570
89433688
89083360
59881652
83024468
52504563
79674485
22774441
36034602
66403384
82711623
96094843
9166412
62519657
72145884
43404478
90735246
59766209
50354229
53769912
22949820
36921887
68155343
33626744
21073680
79147809
60079968
73831345
71110023
16413103
88795990
32157796
77438866
64603081
19655278
67200882
4205070
78058044
67357627
79383806
83047093
47783788
30940253
44942504
65576873
72650583
52021280
71371427
45325555
73770948
18469388
62694724
68476672
89759384
30151230
33108750
84094299
53188555
61599394
86151361
73993168
28638133
41840054
10900543
37416301
76131965
52034701
91893785
35853130
46705428
48435508
39065483
55007099
91598902
31250029
77478240
50187363
21175583
94486588
98469575
86202648
58085553
26784240
11406079
38916217
94841900
34029642
32175978
41761739
15343631
3064252
53928369
45548256
75831999
22326026
18634227
30694344
54106869
28533047
7985265
65604001
15328033
46090225
38044832
54216443
37903885
13014290
57971238
53410739
82373647
20958880
28839949
42000626
52297345
18724954
85334693
92801442
49522803
89203021
21372808
2102751
20629494
55617285
80627084
86373785
64441065
90798306
28720830
18561849
43058453
82172290
3192703
52270371
97740923
32337412
46132161
22209318
41748974
11402726
80324064
75889853
14028826
57269234
12163470
60621966
2419660
33095122
92583407
33264330
7275254
42381163
84163597
60969561
40746000
30043805
79303860
53708903
69926264
49657962
64020429
49598159
19419151
16028214
77891983
24088249
49991843
15546039
26230515
48659842
66074296
13139090
18250697
26849934
55911380
39590757
41734706
94320007
26556862
76590547
1499173
57015763
4670462
85956209
49365037
72878676
76935014
64873693
49454504
35768320
57680913
60459437
90035505
41104656
5628753
25287936
52811392
27624894
64862953
47706769
5645053
50617790
53699364
45895410
81037264
56992434
50905702
19595332
48720215
33000504
89787471
4356974
69783421
9849456
16242755
94671606
40072541
23697612
39008725
91881476
57700158
56425995
88407363
18272265
16747754
84203624
95803022
34598035
89447527
75313187
12727849
55238617
13860044
92378982
15607840
92885656
51213236
70810653
80071539
56376872
23355719
67356840
33511257
10633830
5124547
26707571
66264261
32618454
87727709
66357884
80193520
14629393
94721202
27611137
17919485
72309830
63480751
71631922
59904278
4476786
82174994
46531082
13916485
75984164
43195886
17519427
67267257
21701293
6245938
9923258
66096147
43687795
64302536
96141501
91489698
89813024
52209496
46849052
171044
70419861
4986891
77683434
88344090
96325798
86675586
47453719
93141179
57986390
25772571
70230207
15869969
45672722
40259372
89497711
53785669
34453464
14345157
71696041
7914552
61929356
60967640
28836298
97405500
30834124
20320651
54810919
95586937
919618
86244571
34487000
73835151
550229
14440980
84009737
86722881
87680084
71706134
76508079
50289568
4796758
40925170
21824869
85833537
40150308
13923448
56225839
99616083
38538615
12472869
24172260
91437047
44488959
45218139
65474682
94346409
12439176
8871589
32393907
53177051
88160753
79953084
17678787
63724063
29009401
13047073
79190281
93042811
10957701
69755932
4172847
31981315
7049999
83295568
74953999
65915637
48772998
45879627
40350438
20316687
40898763
89665093
74876833
64724003
47294441
17561048
76050470
2438314
69496700
8677264
29773836
10324788
88445716
25076499
15340289
36409692
42202539
77107164
18229209
69116244
3278495
38068809
58799301
6856156
25692530
95360000
47371682
6476693
65796823
1245801
24035233
5667933
53237141
14381640
59768843
97289055
18642952
16831047
61700932
13978309
40736056
87809362
46791619
40307515
9973717
69298323
70634617
21303051
74344343
61342206
13789416
95496783
33429128
76934277
9563568
30312244
73203709
32731601
88265362
26824522
85931284
9058031
30599889
58504614
20319670
13634410
69055266
57013000
16494860
44791697
5292283
36592650
78263055
89523576
79873501
95354590
90271231
86223076
97517363
43684243
5129472
13269887
76114449
53199387
27699108
79949119
53478243
8894715
25316680
74355873
20658547
80465656
67848894
8672612
75739487
61696717
75078205
91088950
52065340
239731
4439493
20433956
89526007
26728043
18887809
61067920
74399067
52694218
5191278
25469826
34770116
93861987
29898400
64183351
84032779
58376986
39341504
36453309
50171355
63158720
23852158
79138410
29278600
26922489
54945015
16893015
85493903
80291094
44912554
21231333
57803086
91845933
16463001
7860379
88281228
56631374
39896122
60530947
99889271
38830286
46572360
42996286
42527906
20103908
96567388
52866214
94026891
21241902
56230005
89682545
35739132
2795502
42007244
58362377
31326778
39839498
96852545
49553747
13906115
43567319
99792832
50751025
20089953
28073418
31650941
51750346
98622521
92805248
83432932
91668659
26656005
70655829
61733304
16991431
30387664
56124516
61553462
71144099
82953276
19607898
46649835
64324595
62285055
15269716
93566890
14918854
93451032
4099368
97363347
83007514
27181070
32427683
90998595
5382723
84241714
85102583
76598758
62312904
90447105
18714135
27746202
59099040
80166796
81419734
89001574
39476468
72945207
34019353
19538760
98510588
91884060
97992167
66846326
73031502
92473112
35307774
33950892
11618815
25687883
38630429
39321473
17314863
91300080
367727
2297547
51072459
73075716
10589716
57602221
72362219
11917727
39854894
71181527
71329827
49370101
5605097
59136309
58649899
87030452
38671326
50453378
53592173
835300
21145648
59329500
51902296
12284338
12166366
84321401
76065606
65921982
88820004
75572804
94860403
98445164
32929657
41851895
52778971
70086475
5689555
85857412
40532384
42361235
85589385
99276330
19460080
13200391
36627044
43795915
498412
57481529
62056053
84463980
76158452
45141388
50151007
84992740
18868444
91547719
78785747
97316031
41604045
46669102
40260868
83438087
26988023
31296131
19276729
35696911
89283951
59751368
28365070
66761218
46023683
18215650
16752602
75126029
90690228
48793277
17259511
77025382
28638463
30671862
82861260
26622807
90535900
40231417
1968745
76281236
61143661
29223522
14476975
5058091
16851984
26279033
70695955
30630456
24564629
27586422
7018065
92992524
98794835
4244746
30710583
91079128
16959538
97278778
67256963
11995622
78877236
60482416
34924955
12853068
71202153
37559254
37264233
14543828
47634223
18545408
87546807
57871046
67990333
58963363
24871279
86819987
13938984
6632959
93301663
34627357
8969780
58144028
75506940
18690478
51444966
50399365
50226450
97768644
27197886
59684557
58090256
93778945
82515976
10165508
99422599
60529703
75876444
44932763
68277432
49992162
88023773
95238708
51440062
22705298
84600908
13285524
88110852
4161471
85497062
26185490
78036541
56953573
9463396
15545061
74582050
23107101
24708068
5397932
63961574
13362554
60539329
64731970
82701964
99711726
73344624
82062008
50121457
90758422
17424905
32332316
62800126
18106973
75955659
30647875
88728026
58957678
10942475
87083463
75084581
34324691
10121040
91773980
34542723
497622
79530655
58836012
56735324
61192029
59889398
86045810
10617742
89065292
64357356
67639165
22412769
59531595
88810505
5167832
32881770
66477584
84593659
99203360
28444596
21386082
70085167
15166806
47221855
59420173
94648363
9367495
25524006
76191373
29210370
86591894
33555790
17817050
7811089
42932613
9516378
50074531
39670246
7889462
23537247
32079901
31986397
76906066
12959585
1875247
53084447
74943423
9780908
83938970
4302155
48019913
30651391
3604662
16644426
47948525
47755418
31093297
16658393
2433326
81062398
5398704
25765411
38409604
90000947
6664839
65887958
41658125
56944838
78712263
28580651
69648659
89157943
69854425
43659502
8342831
6410766
43140568
5961272
80050553
12724096
22434010
54093306
90901652
80637677
46354765
16706213
80077659
64187553
25608673
108299
75606826
79812574
95623234
29950538
26972127
10881323
72866354
80201681
81915371
59718132
11749802
28293483
28366378
94438310
2526966
99860032
52225567
15472719
84547874
70928060
47387188
21711331
11690080
22451138
48589779
5736541
98495571
91211407
80169543
99220058
95516801
98717565
77545528
12359679
97374645
29825135
58867475
45408608
69669405
4587491
34642037
86397960
72368116
37129043
3756517
55059965
73597543
15069848
42371248
49474423
25979074
86952612
82545935
91085704
86677203
35022158
46630668
67086696
62363481
28150492
17151255
91295666
79021299
74491691
95022062
97301618
95708681
75570797
89246909
92451011
95110407
15531334
64484410
42652060
26158311
78003472
53067279
20850380
5042383
46620491
83277633
79300573
23444232
30055355
65063137
21513432
86771619
7389836
38611909
89539346
54103724
57511185
61941353
95932791
92203178
91367669
90552577
4367915
80696318
87392009
36069624
64354824
19812757
18257994
83918566
21644244
28732384
20755835
8649942
96035712
27598832
93838684
72044412
35014541
38047241
1532076
60058885
72630628
28987058
96473130
70222524
46231340
53704020
31175309
2408956
56815535
14239038
40934991
86319942
89767464
27574140
3969077
25230821
88335305
16219600
8252428
45739289
26836056
89972082
45928737
30914666
59586814
13569858
56486030
43103451
50100031
57784033
83970092
88523151
32155049
67545808
7866845
25491340
72891918
68832129
88122969
9424998
47954344
31618883
89774183
78748273
5183556
58789305
92697447
35745738
93026634
79982275
39173461
85058427
10616894
60049083
81428082
30857823
8796932
44616736
78386499
58846540
6679896
1659437
58248035
48968940
53426905
83153880
76420420
40044263
24821966
24081500
90261853
68626772
38269640
9056272
94681096
61770594
28075473
87262002
24288280
69182928
26803048
28885877
42060779
42533150
51923279
29808439
73953769
75983000
42935817
18200658
55367881
16133126
62292230
75477400
56134076
53258745
55647723
71617499
17225490
29626
83244042
13201807
25146260
9908545
1547850
95449551
33051094
41599186
48346409
28177025
66591085
15242725
27919027
18713478
20924477
79082765
86907405
28749180
17218457
68016350
45394596
79908612
37995344
159891
2094451
76858146
34344998
41018346
84297655
23664325
51407706
32079998
55261505
43091484
50717553
86818929
41985765
57270202
7004700
11267807
84533223
11013996
87076673
45354040
14790280
46821473
30564404
54085582
58229874
30588343
8439074
16038920
18698120
18027816
62094497
39390998
68454152
9386064
35927983
80435943
52810712
70971438
98931794
61316245
66602375
21334705
46254499
85164896
34267649
18993551
95167288
58371493
16585342
56192968
79165359
31210272
30359338
64877507
9924747
37322960
15936832
41278855
28559814
75916193
67121721
76970911
50919632
19487640
6772010
37594023
67852831
35680970
91009510
24356557
73438747
98719387
67795444
25176000
48675358
20642418
7412086
40185039
28813169
89875391
71602158
16195068
98713545
72213047
92544514
2871847
17073218
45919338
55723237
63336738
25836531
73616121
68564091
95048301
91494049
49548594
70563135
91666833
78473703
14209065
29336302
85675701
14580910
63120090
47461328
43725261
89847375
34502895
63492859
98551948
76420856
4562513
4734119
7157141
82697086
7307930
35338993
86828559
31874248
37735645
67293676
89865966
66474872
94619138
52322441
73171181
57531090
64153662
4867143
87546055
31075339
39211901
6242197
20228470
89388066
62591603
12710731
64553072
32594759
96987950
5828184
72128770
24717228
34236154
80038366
20570843
74390215
84466478
6277842
86513065
6836488
50577850
67350968
57001873
30885865
42150029
18039868
56279875
69437133
93057711
14453495
78077683
64698991
61764668
15873182
59553935
90628312
22005919
76058003
16014531
67948127
46918536
24066638
19698180
92187455
82595061
97171777
53277161
9835498
21165930
81960454
10330075
54911499
50085952
30306150
4752442
50829865
26237896
60026877
56609604
40831352
68251983
79745277
19110351
13000616
35398824
36876553
24470161
35316459
74031300
80956635
9131999
88177022
57822885
49899648
3809402
56003417
30161119
4580280
59954175
79632728
33676721
40755762
68206480
24622419
75352262
82355417
65379823
64673827
51462106
21887237
27260294
15555221
90961851
25712799
18642493
96898605
52732287
61344950
53881719
7919089
50234243
37224490
89952129
15869378
90724425
85281611
92860698
91032928
91075981
62673841
9282003
5552438
1474292
51715547
69515796
4289537
48491727
20423539
26807642
26325967
33753494
81619807
32481810
22103302
28383993
78087828
56718395
73048794
43900502
60052575
9411942
91506366
28184278
51567090
57022193
55648336
31915378
7521424
66881285
94126120
9911700
53002182
63267459
2637653
15126935
91731717
327187
26223329
70952411
57545110
99955924
87993505
57576384
40285108
32859969
59111600
7413379
91595921
14010571
78024761
52085325
51116754
62395820
22418456
28026579
10011758
53634868
80555885
76063043
84763009
83179776
31485141
30566546
462594
95637061
56478174
17730994
94711763
94116783
54578668
92357580
3971706
98496200
96605856
95036087
39119205
30576685
33542840
47094037
88630747
23914667
84125033
82436201
99943578
94190130
27294861
9221553
87891467
87709471
1165031
21315952
68086946
27607787
33120474
48375095
72328639
90689209
3256182
64615569
31157344
83220889
40718416
85883430
11010773
79281970
84588287
70008370
30310751
24520280
59997379
36003776
14620302
90015819
7127820
93783590
12808742
79851690
29407836
62631292
97876057
52190614
18357299
83054188
69428047
25745090
13300886
62516766
67973008
95038034
51450574
39566685
11260568
91624673
4712620
91975322
72510710
81842787
51644149
39146000
50874764
21481629
27468423
62711585
85869239
68310135
73622532
8520612
14141680
13832245
99604883
3439313
54087296
96644678
83308835
6522189
29576521
70944810
34607618
77565611
94426105
27553168
93073844
29506404
86328026
17011634
31781647
78696066
69954787
59348479
20760453
51562961
60025635
18111938
92781350
49799023
11275999
91352031
86359399
30855164
72070089
46585797
71563120
20694075
11101971
39759351
22707492
53220574
76549091
99592427
69045350
59510104
69962993
39336898
19682060
18006267
28046210
97536408
48776856
33790863
25369326
734558
2433423
98078611
43385249
22724762
40034551
63830076
58108033
95579421
24283044
79776461
43850247
74973455
58263719
35653328
92958654
19181790
89550078
73045782
85450203
55939065
48785686
5302078
10871756
22644686
81641056
57482484
67987961
72422579
3339844
82802320
47415738
82459084
4186305
88362010
18596586
26789539
47694601
52072216
66821311
11608965
86961091
44891212
207816
5770625
41773031
83657938
1715524
6155811
39380249
68640937
65647854
66798015
22759701
34659417
63137212
60710686
54868379
27735014
49384597
45597112
40351539
2904203
82746719
26365460
88850823
93620832
3748281
6242284
33659894
38144551
89561745
11495954
80280175
88613948
25674321
12266984
79012127
2318945
30326980
58476021
21900768
20160641
28942510
24620614
44028967
51324298
50572938
88445033
74624477
55381094
72909214
2250760
69660097
30482061
80400748
93225490
20751346
48670004
61769629
18433145
23562484
87034092
65273311
52800359
96036925
15000854
55055284
93217193
90436568
74864513
46087751
19997223
85516092
68038554
65788859
19267108
18060438
67068316
18226889
53170436
12180293
81718532
46098172
13181616
59508161
1048877
63682288
56600598
96878732
73657937
74233692
20466152
84520396
71564380
68218698
61374834
38911111
19847438
5013625
96840360
27868239
60423307
12577340
55260389
21581673
70965406
90659791
63264618
75580863
51153082
25251559
83910202
33894441
35667939
81760450
6865947
20266033
71457589
55329534
64533407
99299430
4966331
28328226
91481887
43303735
98730962
84007520
17594777
94158071
31368065
78039097
66929134
29106056
92907800
45697233
85577702
4923742
46789998
35074594
49900422
56948254
62919656
81713146
12222920
50236038
48734712
66764401
99726724
84581852
76812404
77733531
10308057
10194394
89823409
61922297
21087934
52614203
84818503
84812443
59938065
22612318
41706656
84701138
83677586
24391017
85979790
52713832
9929980
84026142
89536957
26483550
11607190
48445568
67080924
97251369
2066744
6500602
40579873
11014893
74910045
51863937
4903227
40847012
71329528
87504550
22612130
29501932
66811090
96129453
97025030
64092970
41855445
32391962
64142625
44866973
23876387
36725982
40431649
69438087
60994156
74931905
97913919
2993546
75242745
24886377
94582919
80508200
89727887
17860050
64181679
31429177
17355996
45432601
56109447
53746282
37797398
324253
52560149
85201711
99662735
79246906
38184722
3397873
49448040
86483994
48743428
13041448
7551403
2126432
32763982
75330629
38402243
80282053
53527558
53262030
73747802
77654778
9289389
22042375
23178605
26912909
25974476
77443008
82764905
19517401
19580024
47947921
79548833
33339395
74462531
39523285
10727681
62925398
50128927
59767851
98207781
95432377
8386490
45877393
16104181
95823389
89407452
70056203
29810345
72485984
50193801
69149487
59177164
672856
54236263
71783697
18572514
84747081
51443650
84998396
95560395
16439157
94749960
93099741
40455081
62378964
50168284
82970501
57906086
42691678
45923777
24175487
67752147
90266063
38397950
96487621
73261809
42622381
29614556
35676012
46763136
57898904
80681645
71100962
18972477
18256492
35125792
83510013
95304276
73267590
23731287
62858368
50640808
96415468
77871871
22298311
15400118
83261776
83323681
48850140
67913841
99956443
25873930
83303869
81888064
98601774
16234903
519639
20762738
77523341
19352644
53715315
92547675
28963093
48271445
48215796
62157233
91690117
24166540
84146392
47862498
40561521
5735582
56520244
61870347
26333207
38384674
67281360
67222521
52793244
83613429
4322648
68735397
84070727
55023797
30909999
54293126
7392586
32297034
82435896
38069877
92045906
22703804
2465404
56395101
15409302
96834067
33108860
56106764
77700686
38846032
88307271
96594943
88052280
68896566
48086489
56862564
37691832
14779125
80117008
75772796
50115495
91535533
50709188
37164960
35064289
76855750
30424814
14798115
50304140
83025259
5553507
36728527
54563373
21708680
26703741
9699072
83913345
31622181
68169338
75908673
88129147
66035544
11243889
97825878
30568609
95843677
85546273
23205996
78218655
42110519
29375518
14159253
83003634
6462300
18481065
98150257
74728244
59920254
41038794
28502208
39836895
69945324
71229520
21103900
9538602
50119782
86703824
14432000
35293467
36548831
59132727
66185535
95530470
3986385
18173895
78920789
42117858
84195767
91676286
79761902
80541365
73847851
39479192
63731620
3736610
41655130
67779972
74556390
62410568
20463088
62170030
48997290
614114
11375560
56513396
1608176
72271424
26557313
57337318
93786491
29064734
62162688
93043602
15270324
54888600
5927120
80918557
2420956
38240663
58997508
52802311
27505011
78318096
75097271
6688154
51870836
95197186
27121152
60168004
70691836
23203024
58238317
87499392
85966501
87693281
38279120
38120475
49642600
27522328
13541163
57915391
52397203
68969515
36662722
40593826
16483226
63411337
3089163
4584825
29276965
99467039
34082682
73233561
54702530
74463549
28785653
76404480
51529273
68450459
39049901
72317413
18609327
15365545
94835044
81628190
85583903
20084354
30645768
64656550
26631472
98693390
39871762
52173446
99778635
93823099
89634854
74734219
31768248
29879058
88232514
78179492
31073374
97757928
99757157
37526961
39081722
13660051
5234812
65479158
60131702
1279862
45573196
33040185
14721116
38473288
58022782
15209413
17776598
5218722
40104965
10645489
19264104
29009116
21284106
90971988
81914395
82201082
76250554
16991664
40768311
31686484
99112538
58878454
88215089
13186294
67152041
16740553
79602946
73837332
20175097
69265180
60775092
56014710
92369921
65868602
8015244
36716903
50501585
93022533
67390713
57600968
11744197
76940856
35849582
79596276
38531489
13102928
47672021
42201358
21875406
23318367
84659302
95004946
76377073
77342735
69771552
7622469
97870960
45767177
76088342
98826037
39696805
46382647
40948818
40900358
27841584
85443664
94712695
69251690
15951948
6346155
25447706
85724878
49689928
72118921
13531493
10858288
61828988
66919961
32376098
83834891
42295111
63963560
11661119
16638600
75787338
99690069
48261507
2550679
93266290
35308400
88984640
72720141
97879103
22778686
67607568
81596893
41447997
60322801
88607398
2854367
49115057
79961727
47123313
28102165
1747441
11874259
13732982
89771248
53665099
89371504
12717962
26499429
90366613
32982167
69831391
18438119
56589207
50225762
69966952
86768279
56557072
5540581
79624637
31653756
29652191
54918736
8595601
39334717
66139609
83290688
62355759
16817063
69865063
91386292
92180242
61960867
11631160
64304523
24722809
78367451
58432363
80484927
26208156
91369645
70883234
5252221
51144306
44501001
41071245
85941119
61056684
1465058
30339459
20257065
34494106
57427962
90078886
10011924
60655119
42794973
71417185
51200843
4870326
90730552
41715674
67698160
73008800
59134555
13164834
73793105
9248020
66953584
3361157
11651745
53854265
40757887
73770162
61048709
48526201
79647730
368245
46101366
38741621
69060809
51752299
33991903
70056191
62814263
66429407
59224597
3138748
49959067
82067250
56619443
2201609
425515
95368080
6791698
77527407
9767736
7464695
87659141
76235558
74131775
71161430
84657105
38889311
22983465
25642016
94286299
82348023
94330626
83019944
77498867
66957397
19808711
77644951
4295344
20654293
86898883
89114379
50777138
55481533
79471148
4403402
89373719
78687370
12411168
97554546
44777231
13754261
58217339
26859369
635741
46090445
80794748
63379933
29992483
49029397
12632960
99350301
13086021
53386864
14810097
85163471
31606357
29249996
27188119
9210130
20964290
97684921
39322395
81430208
65156773
19139113
70527475
13073775
77017156
35440220
40894375
42539675
94614729
22047086
6355696
74784337
60594097
74865084
28278832
46517499
10016442
92183871
6575027
10955787
52537777
20089868
44069821
28150247
91892648
80540034
41189499
27778969
68351710
613358
16053407
61337952
68075687
10153207
64828679
81515055
4809498
91951828
68689103
10493592
31952760
72443514
94067282
88656710
7854560
44388833
63048870
43499622
33173909
78199339
87798853
7001220
95130822
54322355
10072485
69904245
39680131
37587188
72168799
78243833
73314754
81979776
59587409
45955791
67736112
9388582
16933005
38071954
65070128
92162656
59765526
67368147
87282741
74147598
80817187
47543005
80571185
73199134
64517318
71593576
10402372
36146746
54206632
67412646
56365415
3060272
7549203
27891721
47205803
89315106
44867061
48580552
38661691
97351951
19992599
91214594
89244424
93422292
9291474
16442975
23585029
58468144
67820732
40757066
59670441
77156085
45302464
59322080
71122256
68369397
42948088
59081196
21455177
49861491
19043817
20645408
28300917
29312574
68870399
99918746
87450646
67756247
31799131
85825922
79113807
97929178
84265549
78462845
60189320
85958518
76567009
14751035
8813534
90981010
48978764
26945184
9013744
83682892
59379059
54611178
51363185
11626414
53960458
65879592
97516444
87620411
30158884
35034400
20382642
2226999
2962754
47788545
26472517
52047742
62875385
47322975
60932381
2100605
18847760
35768451
14093330
15949982
61135576
46541308
56093705
99963431
22935805
86440840
96857499
42496796
48803105
96646323
26470366
86279689
12599260
84251345
67877463
25911096
93778079
99691255
78562938
43900507
91952676
58373773
26098077
21608103
39172461
21736032
46965188
53591330
40955359
97219410
38080682
96613090
43977500
94726744
78426741
377669
58513884
60466351
33428959
17922133
59091099
99676664
6592057
155776
76898780
10537857
98686167
16874316
50225767
96350402
60510245
29464015
38358970
80064581
20718118
94285084
43328626
75970294
40066841
53099317
96573800
73604285
49425602
98778969
35953947
88611289
81962020
82389951
95575982
95376185
58505547
14127782
62680694
91401499
75151845
68648877
89405166
40360233
58421088
64126931
10981209
92991910
79595028
73520085
3220307
72054458
64742129
9990861
34466294
87179351
8670097
65490155
32287464
39047673
55381969
34706631
86258972
61775359
13862019
15155023
62800802
43051451
33448242
50073642
92394345
39592661
46675186
96136505
22436059
33538771
70144491
16221020
86050478
18146462
9302813
10370615
30838495
62303802
56747752
19746939
79390314
43380874
13969750
91360391
17867498
67724665
71356633
10820130
43696809
14448372
42046791
95946457
809496
69436642
62640814
97686585
4673310
45751312
41524148
43398220
33480546
41165672
10971929
71285368
40857488
21199358
51296871
64266195
97201273
13794258
38150002
55037236
13493243
78138498
6672814
10089930
25050059
35348130
84304632
23855461
33635398
30095610
91276744
31218397
99154528
94391276
12957549
10633366
53606758
81524445
11146247
87188142
88727005
12107883
31659770
19490949
68087792
26550965
41107155
81960441
18681182
85842291
71046803
91426247
51337689
21568240
45859771
46979144
87781365
47012194
26294749
44304929
49095850
30258216
57510789
89950341
30700112
81937688
9687164
31987859
28448948
46528773
15584554
83171673
29382319
82617066
13373537
62983848
20604529
24810524
9193836
75386956
47218552
76670028
63627095
79063702
25306813
73353118
35290087
54830375
28902280
19320981
60376916
12806845
20335197
61126743
47972575
31354790
3970634
69662275
75500108
6170763
30014278
87533371
98673382
66404538
54047061
97808365
1655016
50424863
27921632
18557957
73836325
52107387
72993058
20483970
36997709
90181515
93054741
12290570
59472134
7555057
65860426
72315702
30050642
15955716
4851707
5756738
73753878
76225435
36234733
44450335
63736033
1052718
98830416
94581718
73010134
12429355
16949469
74987576
4062620
4093533
47723376
34978664
81532089
89312299
38793209
91226633
85415570
51213987
3694467
7474761
11318613
7438190
36483467
80152608
38239554
1732120
38413065
21907044
71439314
31052943
34962050
67188753
2518814
82158109
83902574
3334711
97268748
34376439
21648747
8804125
18973064
35795610
11388652
84683457
7271727
2043499
21203295
72504839
70368663
65183316
88551368
43343387
3042484
80608478
52852594
7605521
87019787
32665980
33737536
94119328
88544743
21630208
5299084
49731899
18773707
61919028
22820435
81773984
76011854
1913159
61674549
6140820
22332539
50132719
65401661
55671408
2949170
6499324
47562262
10503668
26510800
70524243
77218974
82857379
76754842
77688651
16891142
430088
19483179
70853185
68273485
87141081
61289844
60658428
51767378
18487664
43421714
68190534
90383508
59245081
77125500
65503844
93293020
67584562
41509937
60834048
40611968
67704661
72554998
46663917
50044371
98887769
65340123
98671133
27870893
8095161
7627182
39526218
91836934
51073268
24442151
74050616
6099504
23038509
50787149
53801702
60011005
65302302
5045427
78779269
14802970
2492992
2056477
70576169
65469546
88929079
27446113
39048215
79792478
67244261
68638886
44235260
35550078
3729516
67895105
15387965
60669869
51217988
10419707
21613237
61936804
15155744
7640040
5910592
16734970
98900729
46359636
96776796
81468309
32727807
35832276
46499810
32587332
78065171
40439592
10249701
94743181
68151242
45725950
22442296
64708350
27890736
69387124
47551608
47726891
39054865
36041435
1092846
77241049
5212172
95145028
47024679
81560533
11326563
96676748
68204671
65343561
17416225
12093553
66296752
29655802
35214699
80916757
99184690
88215184
80384228
22891845
15291456
74349490
80797454
78349546
6977346
54390519
88921050
35977622
76304199
87413777
75206848
68604347
89619574
84841452
41075123
82828402
48901146
91330752
17999468
41088306
95218363
86274807
92133081
47413717
72397653
99021534
66724688
2536401
98701645
45665197
47107960
35646479
35005433
81701996
37835272
39403189
60077907
44146758
17603140
36010090
61791434
76614625
3793795
57567939
64294739
9948876
70233845
40580063
41593085
61628775
88165340
15780211
49917276
64360082
70987566
13181212
7179929
34681619
70444724
43230142
37558939
51954765
21449537
5756119
82092168
25968545
2622755
79805700
86006106
24189439
17198457
19152404
56243109
22284019
53198226
22406110
20644142
64221472
26496389
75730298
47949512
84044402
43059840
89365887
48846597
63803580
81169251
61466955
85202050
46479083
43865030
93041179
59682913
53824925
89967351
72933162
19113834
60922537
44730570
21536252
10887638
49433695
15907624
44512615
88939730
65915700
33943386
36858552
42700183
69612990
96430862
329251
53919464
46405178
95178146
94734988
52538478
99259578
13841872
78137024
91106993
65585255
9626236
7273754
92627879
15379953
8409217
64870098
20949041
81474762
66650244
8455544
26695672
43752452
7235018
99347479
51068722
38870797
79938819
62852232
42658520
59401204
98914372
99115871
27296766
73877506
38794502
52818617
92453753
52923953
12861417
29486769
8307746
30534322
85195159
53868919
40666427
95492749
4480658
62074365
19028979
2224412
92486727
97721994
43543658
96784938
41809804
34075376
16828322
96987147
84815552
3268822
68207827
91852799
69445787
86986754
36811712
82710278
94598407
12905609
63346541
96527327
18101441
52011514
14517669
19841191
87268807
81560703
37267211
63388021
22669624
94785703
79106613
40548719
80324006
87340465
87938656
14810976
19488274
12719637
6465182
75940476
43419096
40651516
17396561
6998680
97890329
90092410
92766881
72559608
4142249
76991067
45097235
96381317
14753583
85930491
22081654
22315937
822509
94371204
22923819
64182230
58091486
45517173
47553850
99883158
91216973
3116189
56881422
651141
65660105
99425717
33374267
19219844
45231062
30858721
54072816
38534644
99460676
54561891
59346163
13350664
85881460
27377270
48116485
83486262
94720396
35386934
96482763
59894936
31227239
74850225
62040953
96303723
44638719
18386685
49706287
68929757
47702212
39224433
20070443
48656560
96230869
94152422
40782742
18769628
17819622
27489063
19249429
85532867
48408390
58086758
88909007
66885419
40428410
81821064
4093440
94131511
18875332
21825018
32002852
16444090
1431357
46335641
61512268
70976216
28275768
88613941
60195606
47748303
84591084
94790894
64006306
23445091
83378775
22537191
61034912
67457816
25059077
74241616
43822766
73420169
93063385
52835932
207671
24904786
73766772
1768184
66415708
44408665
25147392
5191483
64414248
57861890
50501218
52433047
42667100
51221713
34503013
25300392
4112603
94567826
9077696
2560256
36119301
38859153
53944309
21827854
33768457
46297786
15168747
13300619
44663022
71560484
65301111
22461927
58635026
5204551
7047146
59815093
46344407
68448411
92948377
77902218
25896310
32030969
16097151
46427993
69209118
98972356
83668071
90696381
53144710
74254533
62681629
18902493
40834927
38849562
90495468
15439882
18287216
11097074
81970247
49578973
19278183
66992807
77234710
93153222
87360953
4556137
74254050
21903723
12381811
13995487
6171261
50255798
38423131
38965992
68053209
69880228
36445132
76612014
54804747
50453954
79184195
51570772
17242395
53300161
22290772
29321741
19855031
45625602
14835768
97536091
43580616
96831817
43985248
48989417
36781905
21333608
76793635
28224423
30682451
65653005
72955087
33444767
66545040
31044218
30350238
56488666
32587352
27058078
34744871
19398935
95226898
59500292
58378534
36347455
24129472
52733636
6635620
73485324
63039485
45773005
4676096
31286021
43896034
28038119
75295454
83909972
63769859
92523629
72601611
57733876
44312898
89842874
35548183
24814762
50690990
70309316
88069948
58166755
60222606
48853246
26315206
23609420
80363747
83118621
40472684
8935014
10135200
16922398
79195663
49613906
23436325
74543206
37575224
44757151
21270809
65479794
99201568
27424985
98165699
98571043
40111173
36196629
28780045
36021413
61256996
14373335
8063570
35990027
44315766
47965136
96778306
32958597
52909587
56645791
17798030
97587312
93583799
63011401
82027439
39200119
63299458
85401841
23042153
9009513
27760292
81494015
49775367
9707005
44358573
13514928
48251604
10491426
53757811
12289605
8809830
64124530
76613577
36613154
93866955
99726206
5610836
85004858
83008715
98808733
48188075
15498119
1520592
69133450
28628487
54809511
67187125
10422380
69143695
32055701
12109149
56940476
68737191
20004133
89670007
15885876
30135662
53000578
76173524
4170390
26615824
11513857
33725172
19211199
824290
23235682
53586108
76179692
9537200
66398433
2432277
62056301
29538855
68944789
10386802
13199134
75820040
12774666
95718004
67123192
43004797
84427746
27541206
66985530
33597171
39793416
15472778
47662877
44681323
13924362
73872041
35236431
12278101
7170137
29239198
90356791
50465551
2029407
43996900
99210901
55139340
31369431
21902661
75826832
47901071
62939500
45259678
4534276
61435776
56618908
41344531
77867899
21510060
92044170
31332094
46131061
76387097
31928586
80840038
58725654
64036024
21404367
51672143
37253962
37208719
28523177
84513771
32901777
46084032
61085826
65487602
31571795
19668942
56202024
20139959
4874241
61091434
321125
17075763
60536698
32095090
21517532
92914774
53822120
55700099
96131673
57178373
64788376
75209462
93144157
83360889
90069957
9094396
64781167
61583547
25219282
80860717
76317517
85463340
96706550
33725713
75518661
71671014
80275659
58647137
1085895
5470759
95687923
78874100
61570967
11495411
12658082
53070605
83048090
73593429
14155522
53107328
5186875
91605965
5467665
31338257
14192050
67088693
31856834
79040480
95736992
9966819
58710952
39119683
7741143
88114786
50864589
27111753
23558719
92302457
97618028
32092781
94228491
74514761
34218698
43040446
36206948
33664048
47929649
23940740
25756509
23915669
28661690
9722285
27834791
21285395
93798331
15827264
48451038
70021817
8387491
8371038
3313910
60745739
66627456
48858463
73021419
39496204
49483215
88602514
65174131
40843377
41965063
58074505
33333493
66143125
28714123
63564744
34930393
3690830
41914914
65354562
17692739
95396084
327578
22831987
88082331
75310025
46988050
59707004
41305033
99928037
18163710
22091883
55113538
89558442
43292246
76947278
56644629
28416888
39477578
27493143
80854649
98751024
30741396
77603541
42950414
24763587
86979072
69975242
45060837
76400044
45817331
61722267
26965245
86783174
61342929
89684337
37154215
12933777
82186761
36996500
55303636
8533400
55966304
98300707
69738095
53570050
79874419
41605392
24006622
27773141
16835574
478989
37051304
21321547
23689423
83020899
85896782
38183958
59538392
67908104
41618629
26157209
70215220
42081249
53699368
97964846
84257329
55897680
20981542
80849622
16130911
50169414
74311330
93370770
53768748
60247013
26947323
6490886
22356140
83237060
67918217
23547644
86370809
55580783
69563132
23578906
74537592
2883750
56556902
27080413
7539619
78606394
46783808
91638875
29124377
56818576
14069692
49694643
65620571
58026575
18656155
23227628
35191550
76710312
78517280
26211878
74886429
88480304
8527203
14869804
51140790
16586737
78390810
18855105
78687972
61846451
6816577
10912390
75960141
15884063
94402058
80046605
13650111
85842082
40705922
22713009
64941021
59418624
68661666
71740784
99278760
34894171
91383613
6023250
55288597
3506066
78454011
15003160
41600743
69107388
45759728
10596059
86297037
48206031
95951455
21665393
80733167
18298316
51913110
47482925
4380501
64263962
56794620
53868927
96291163
86596235
68943649
82779606
92924377
34196638
34820176
61897332
57664984
44980457
41368075
83374717
25759872
60195903
99002121
17149955
3935186
8688485
18017568
86253850
48518783
31272982
80775540
3763670
72028436
28850444
88729468
47199662
75874330
53382130
35003798
84207721
7944152
64528936
16182311
42963039
32785825
85840623
87052624
71165008
77647163
518514
26445825
39092613
24343645
32085022
78333712
63583122
1519628
49090344
11752463
95668493
74084806
42926213
1442800
15353299
89667253
33798326
4148606
91475485
40346353
61824742
17238716
13753002
9473877
140588
37012238
29758281
9526177
69167903
12407721
70735366
67004410
66724015
89879843
86010417
54382222
78145192
98835140
99325688
15642649
66054177
15745188
69185776
52978898
67535675
15766765
16730052
10087897
18632517
34476897
26998219
91339438
24781679
41757638
16030235
27847023
79396642
50762430
19953272
11671686
11334273
71326669
93123773
65985185
44543659
27139684
55535915
96152654
2428518
29646436
33758554
38148763
38509256
6072627
19365217
44832571
97637572
26551206
76452936
54530186
91727244
50654015
74781364
36854591
95301670
94608677
33817634
44651717
4362075
52974835
78875763
44970044
56179990
43549951
93314800
22474119
67053111
38277627
2973879
93894661
41613094
13243491
13970959
86176217
10471869
12684987
80056128
13074111
56422740
38160812
78104663
48468853
77269239
72522559
4810744
35629540
48715153
42708976
26438276
2308337
93752638
611342
69303959
28772873
31128418
51146965
44225913
38744566
72761694
5905040
29523565
29293219
28942006
12028292
83453407
79144184
1752582
67414614
26001976
87652073
82468058
37608748
6081356
74483392
49390364
36696182
82161378
33214259
95884323
74777694
1089449
45979861
87106989
47293285
96689188
63202694
74992202
77324400
4323017
38685661
96321587
63368002
73477287
38653775
42583731
40935460
94805827
47421338
32311937
47621498
8558631
29639159
11703462
82789522
75015316
52538938
27028736
71560297
76029348
87681945
61708564
83180154
41877386
17512574
35148808
65617032
90883694
49047645
93921405
20610047
29384903
67779765
57644250
80819506
42489757
3990486
74294810
83558907
5921678
68535496
71265511
33586665
2153258
75710199
96184426
32183213
64764528
99952887
62225808
54495828
4096158
92998016
75297149
49451177
968792
50182848
72516039
74311740
63675071
8099511
59711324
73223621
40551237
47670719
96158611
10113842
3797105
94060067
10504140
1060848
26685917
65143440
80856898
33302419
63762149
53509049
36149764
32739953
61332929
8714981
13891058
31666150
27686386
11546666
76991787
5713739
7516341
34969823
14980578
21154687
13439434
9988937
8357110
79252160
54674730
36478857
93491077
1933814
62590559
1189921
71282178
12012167
89710756
65886356
3499411
52810009
81204599
17549066
68241118
1842763
47166260
47313504
28706329
15596792
44661073
27995916
80278528
49708109
92898872
54788931
81979377
53055972
89606301
61480333
83165561
48365897
59890715
80231209
16063016
61339381
57729777
65093916
18455364
97467575
43286812
45282921
28432322
35914316
89573153
11264482
92535124
17720625
95534198
61882147
97232676
85706718
45513722
23257505
11649014
35454010
46403520
61851261
27903139
93390042
76978623
79454580
74767877
96718112
70861091
1894920
56320941
11762908
2709716
60077088
12533774
29165204
97912687
62086989
35913458
99699931
58185552
81521602
46575494
11924561
13807237
46888616
11714379
4778608
72693007
78427542
28129329
48836453
43935744
88485812
98011634
78645318
24940615
41034533
26165545
92278215
13843233
44390531
20334225
5052994
10234292
79755903
45795530
50980557
22451378
98925391
40726887
93894631
92330595
47426561
89986270
71368305
93554484
15396354
3226380
21463632
16041880
4104181
78729901
71004735
64488937
93876816
30968023
64397198
46337893
52379568
17975003
83104404
43906325
48232462
14630551
39845051
89358106
54697838
93019542
63001122
19009325
45738665
18662594
47673154
3054484
34597590
32728931
3058576
94711942
79882122
41477755
3309396
40457803
58320389
92499061
27333430
20355768
34301226
40269087
34980325
32916910
66237282
25483103
90293089
49997908
28502320
55499232
40536076
2676939
20522656
81594771
78924016
75718305
36588614
6760043
36664010
77919319
56822906
46507205
77897347
36893349
24504242
8703881
72403654
85298499
11891247
523270
3071090
16982254
88370353
10896139
50343939
94896097
6203818
6833216
91701568
33564110
21382044
66656434
55556629
73110650
33010495
49562178
32319810
12678694
34267248
31303474
82440204
98826436
48011549
50521334
90378714
61400613
28883885
68542195
18932048
21680830
15162496
28211482
23895464
4721056
42636916
46802239
14295628
3015848
69220911
40108466
18905408
47790206
75777273
83304919
51085174
5598340
64050306
7425288
80960052
68095574
70518317
13307373
81370628
89732237
41024267
27723632
35436097
1669892
77730786
84004932
74955475
99277574
49373836
32231910
27509935
91687908
6756396
34921850
77855904
70459995
50756290
99209976
61956416
477206
29923810
8193343
57563386
25323228
80215020
39486435
36440637
57476224
7999127
44329163
93510333
58029132
88034332
34951913
93057109
51709819
3392382
43618234
47488152
50688633
73561982
76728985
84453011
45542796
77031767
35378411
1032336
56469271
73483220
92880128
22599511
18971654
6163084
4704196
38439644
2110725
82562559
48636960
21251360
78423283
39125596
74272859
28811763
87617386
31131211
11318864
9088514
56763759
59628527
95076994
46973748
1773893
30944191
94305249
45811477
51020828
955197
3121031
39132626
81055548
53954699
16085542
8248281
13475290
30627789
89540105
26931492
19871839
83529882
41089681
95290572
60830120
14859195
70798939
54655924
14814641
30057768
4029235
31595822
74151850
19342410
63121813
69376574
14002092
90297612
50710386
94587183
98234745
77938019
9475247
70908745
4289121
11496159
8643799
94589444
30634075
66203803
5243144
3445675
17516173
38895376
51900497
57193238
44334831
9677761
11395027
83678632
33453369
19895512
48312981
30665949
1595725
38256485
83467408
52645193
31890625
65611472
53105645
39137558
40153480
99521444
75376033
21612732
58363721
73681018
37041923
22858773
66479262
18019676
46223353
49534493
15153285
477900
17384027
17547908
71720710
51733397
65580949
78493633
56003771
27418300
79337379
82420602
84952735
49577863
5951032
3307283
15486002
12065314
36090427
77190450
51634611
14163401
20158140
97433428
60098241
28310944
3344078
1882257
11335174
18479914
72583900
5946422
34963676
63751144
67029506
43030860
96872520
74634891
28216189
40401183
97580882
11893870
61310846
33181340
45158215
48873145
85991768
44313168
59879771
31235457
73617152
3488382
50092223
16733624
64723331
49743734
88691451
55224547
22816816
17649865
3903764
61545782
80115749
91833768
28465516
20944317
90634684
25945300
17803829
78339042
6552317
10715364
94263333
16571735
74994500
46969782
48408989
27650071
62937515
51404782
40258108
22631599
75178827
17976268
13201388
92356037
67027476
76115448
10662350
49182317
28002062
52833242
29871222
70331676
33685755
29971675
46157810
70574489
69224189
67682657
57231264
61086699
77857232
25996826
67279554
74297338
35755626
11509662
81150203
57590089
45126977
53338989
77307467
67852118
29558020
24150164
36091462
5627163
84663539
49883353
55977738
4288274
62471792
66969915
16543019
55997422
90484720
33293137
86189357
22355603
13517323
53507103
93283724
87727580
98791286
57502245
21863329
88886804
9665907
94030932
12808498
84001099
66368353
74602160
22799622
93946551
30593464
64509722
81919710
80595866
3145744
1590905
33893517
95831831
54229388
27769795
31956890
98618334
1924097
63857724
4113655
7659016
58354931
87162441
30388817
60140878
13379478
46485137
43443520
53962440
32101777
81344017
19588726
97836031
6941778
29306302
72307016
47667910
36397487
20621196
49666033
66464866
99440771
41753741
38324721
73709843
94491581
86965061
87471348
39828434
57978340
87368544
29513322
73838706
6238159
79507604
68884454
2200509
6056146
82870732
43704817
41904847
42471630
198677
35913398
17951393
69906405
21525146
35594778
7807064
95602448
46389622
87593867
64453652
84058412
27090341
83609783
22960797
62244905
79040843
53844497
38249943
66801046
39304600
41820238
93688757
27960558
37422223
89036606
62761792
29360266
27335337
86732531
57522616
89069709
22566539
30953408
38119688
4362255
42789387
41786893
39312789
60662438
97250917
27775854
58687164
49104950
54989187
68694168
80005596
44217833
49391669
29860058
4560407
45340667
72649789
68927711
58711498
63539196
27254301
42021963
5704741
99255134
34362228
26904133
97858826
39424897
38896033
40984708
11638183
16760339
46395410
39801678
16151603
43650148
77222396
33165857
31257772
70439724
80134660
44553121
86720485
18709081
676311
57138677
48391066
49906654
12024254
18735822
76338111
50413837
55250278
46126318
64395187
39965947
37198542
48945194
30798969
5325992
80053547
40567719
71914418
12207230
64204256
58421401
59433296
6958594
92612994
67563716
89984678
47437155
64286284
96490183
7066434
39225940
77131648
26866646
15338712
93624056
65756965
10917859
7901790
17058644
42520425
66874909
93914861
51729527
25268484
49149534
72723118
87948404
60219727
55649130
64306365
70248413
18526808
56489087
78543173
70335071
39173595
10920048
85112462
95868074
16349092
50753143
58182709
49574138
86253473
22790941
7931949
84646792
71077259
10466576
25139859
44678980
2862698
3146932
40567203
643285
19856799
48609143
48860644
86712527
77808740
84287741
2346637
12312138
70112921
76352539
53199865
62797349
13192553
15824929
21690444
20146351
43395711
61330370
28551254
30570481
56200953
78257196
22873085
29988591
7153574
62445050
33648165
43451532
31622763
25816238
59519022
40979362
85760411
61867171
65152114
82206387
88331706
27174248
2760890
784470
6984005
5495154
7245299
1841205
85260638
51442160
76361308
24495333
95504466
32108249
57842033
64944050
68891032
57292542
49441047
11192033
20206761
56886357
78099198
20561013
95586276
58339071
53853993
61027683
91981938
42830075
12680060
11179199
84320804
69834987
15186504
39862484
15740368
35002804
18981441
56051629
85182904
41908912
28828255
37256262
33822328
47065306
46340252
27128939
93102831
56998426
18851414
81383329
33050565
94627862
18582800
33089680
76682437
30957929
38061015
4524442
56996336
55253094
58018461
72927569
75085990
39691112
69250050
17676453
27275849
68295562
16592897
5145580
26728217
5081816
50965164
57813684
57707474
96546198
55920843
81749445
62589128
48073486
70563913
88140945
55269717
11752720
96415423
97009087
58895942
76192063
95118402
107862
79210462
23031584
62373237
61959714
21902897
53408316
44905589
4686388
64136405
33003390
14885162
23760470
52552129
41808035
16593283
79390644
38205885
46596868
91389349
31543207
88617574
20736946
87258023
80302780
61421988
